function dfdx = f(x)
   dfdx = 5120*x^9 - 46080*x^8 + 174080*x^7 - 358400*x^6 + 436800*x^5 - 320320*x^4 + 137280*x^3 - 31680*x^2 + 3300*x - 100;
end